Mini Batching Trashj Model 
Iteration 0
Iteration 10
Iteration 20
Iteration 30
Iteration 40
Iteration 50
Iteration 60
Iteration 70
Iteration 80
Iteration 90
Iteration 100
Iteration 110
Iteration 120
Iteration 130
Iteration 140
Iteration 150
Iteration 160
Iteration 170
Iteration 180
Iteration 190
Elapsed time: 131.11 seconds
[0 9 6 5 3 9 5 5 0 1 7 1 5 6 0 2 4 2 3 6 7 0 9 3 3 3 4 0 7 9 2 2 1 7 1 2 1
 3 2 9 5 6 5 1 5 1 5 8 6 0 9 4 0 1 3 1 9 8 0 9 6 0 4 5 3 0 7 2 4 8 7 6 4 6
 1 2 6 3 4 6 9 6 3 0 5 5 5 9 8 3 0 1 1 8 3 2 9 3 9 0 3 1 9 0 6 0 2 3 9 7 0
 1 0 4 7 6 0 2 5 4 6 3 8 9 2 0 6 6 9 2 0 9 5 4 8 2 3 1 2 6 5 5 1 3 8 5 4 8
 7 2 7 9 4 9 2 1 8 3 8 9 5 1 7 0 5 7 9 8 5 1 2 4 5 4 8 8 5 7 8 8 5 7 9 4 3
 6 8 2 0 1 0 6 2 8 4 6 6 5 4 4 3 7 9 6 2 5 8 3 0 5 3 9 9 5 4 6 0 4 1 2 0 6
 2 7 4 6 6 3 0 7 6 9 1 9 3 8 9 4 3 5 1 5 8 6 8 8 9 8 5 2 4 8 5 5 3 5 6 4 3
 3 7 6 0 5 3 3 1 3 9 4 3 4 8 6 1 9 9 4 2 4 4 0 5 9 1 5 6 9 6 5 2 8 6 5 2 6
 4 7 2 6 1 9 6 2 5 6 4 0 2 0 0 3 2 5 0 3 4 8 5 9 9 8 4 4 4 4 0 5 8 5 1 0 6
 3 2 3 0 5 7 7 5 7 3 0 0 1 5 4 9 2 0 2 0 6 5 3 8 8 9 2 9 3 2 5 4 6 5 0 2 2
 3 3 6 9 2 3 4 2 5 3 1 7 5 0 5 8 4 2 3 6 7 5 6 2 2 6 7 1 8 0 9 7 1 0 5 6 4
 9 4 1 5 8 2 2 9 9 0 9 3 9 6 6 4 2 6 2 7 8 6 1 9 1 7 6 6 1 4 8 1 2 2 6 8 4
 6 3 5 4 7 0 2 3 6 8 3 4 8 9 4 6 4 1 6 3 8 1 5 0 0 9 7 7 3 2 4 4 1 4 4 9 6
 8 0 5 8 0 1 1 9 5 3 0 3 3 8 9 1 4 0 6 4 7 1 6 4 6 8 2 7 4 4 7 3 3 9 6 8 6
 6 3 8 5 9 5 5 0 1 9 4 9 1 2 1 0 2 3 2 8 2 5 7 3 2 6 0 4 7 8 6 7 8 6 2 7 4
 0 4 9 1 6 1 1 0 9 2 4 4 3 6 2 3 1 7 5 7 4 5 3 9 2 0 4 0 8 6 7 3 0 6 4 0 2
 8 2 0 3 7 8 3 2 7 3 2 7 0 6 4 3 2 8 1 1 4 1 5 2 6 6 1 1 4 5 1 0 0 2 3 1 2
 3 7 4 6 8 5 0 3 8 2 3 4 7 6 1 2 7 2 3 6 3 3 0 9 1 4 6 7 7 5 6 9 1 8 1 6 2
 0 9 2 7 9 6 3 1 2 6 3 0 1 2 0 4 4 8 3 5 8 5 3 5 5 9 0 5 2 3 4 2 0 1 0 8 6
 4 0 8 8 8 2 4 0 7 4 7 1 3 5 0 4 1 5 3 4 0 6 4 4 5 5 0 8 7 4 9 7 0 2 9 4 9
 5 2 9 9 0 3 1 6 0 9 4 4 8 6 8 0 5 2 5 2 9 1 5 8 0 0 2 8 0 5 6 7 1 6 1 1 5
 7 1 5 4 4 4 7 7 1 8 5 2 7 7 0 3 0 3 5 5 1 6 5 5 9 5 0 3 8 8 6 1 0 1 3 8 2
 1 5 1 6 2 1 3 5 4 8 6 1 5 9 4 5 4 0 4 4 0 2 5 7 3 0 9 1 1 5 1 6 8 1 4 2 2
 9 7 9 3 0 6 8 4 2 3 6 5 7 4 3 3 6 7 0 2 3 4 1 3 4 5 7 6 1 7 3 3 7 6 5 1 1
 2 9 4 0 6 7 4 2 0 7 1 4 4 2 3 5 6 1 4 2 3 2 5 6 7 9 5 0 4 2 9 2 8 6 1 6 2
 1 7 3 5 9 3 0 4 8 4 5 9 5 0 6 5 4 9 3 6 3 0 6 8 7 9 6 0 1 6 8 0 1 5 8 6 4
 0 4 2 1 5 3 0 5 9 5 7 4 5 7 5 4 7 7 5 1 1 1 5 3 0 8 0 6 8 6 8 8 6 3 5 8 7
 9] [24 29 30 40 43 25 35 45 10 31 17 31 37  6  0 32 19  2 23 26  6 10 44 23
  3 33  6 30 20  9 32 12  1  7 41  2  1 23 42 19 15 26 45 31 25 31 35  8
 26 15 26  4 37 14 13  1  9 28 10 39 26 30 34 35 13 30 37 32 44 28  7  6
 24  6  8 32 16 45 34  5 29 46  3 20  5 15 44 29  8 43 45 11 11 38 43 32
  9 13 29 42 33 21 29 10 16 10 35 43 19 17 11  1 10 34 37 35 10  2 35  6
 36 23 38  9 42 30 36 16 29 37 30 39 35 30  5 42 33 11 42  6  5 45 21 43
  5 45 44 28 23 42 37 19  9 39 12 31 38 32 38 41  5 18 37 30 40  7  9  2
  5 11  2  4 45 34  9  1 25 17 42  8 45  7 46  4 33 26  1 22  0 31  0  6
 32 18  9  6 26 25 44 24 13 27 39 36  2 35 38 43 30 15 13 29 41  9 44 26
 20  0 20 22 23 46 22 37 34 36  6  3 10 37  4  7 21 19  3 18 29  9 13 45
 21  5  8 26 38 28 26 38 45 32  9 38 45  5 33 15 32 14 33 43 17  6  0 25
 28 43 31 33 29  4  3  0  2 26 18 39 19 46 42 24  4 40 45 19 31 45 46 41
 36  7 12  5 14 15 42 26 34 37 12 36 21 39 46 22 41 26 24 13 32 20 20  3
 10 40 15 41 14 38  5 29 39 18 29  0  4 33 20 40 38  2 18 40 44 13  2 13
 30 25 37  7 45 23  3 40 30  9 25 24 39  2 10 32 24 36  4 34 28 38 19 32
  9  0 12  9 14 16 40 40 22 35 13  3 46 39 32 23 46 37 25  3 21 37 15 45
 15 28 14 41 35 16 17 25 46 20 12 16  7 31 37 24 19 20  1 20 45 26 44 29
 32 31  5 38  2 22 29 29 20  9 43  9 36 36 24 18 44  2 27 38 16 21 19  1
 37  4 15 41 14  5  1 12 42 26 28 33  6 23 25 14  7  0 32 23  6  8 36 34
 28 19 44 36 44 31 36 43 18  1 45 20 10  9 27 17 43 22 45  4 18 34 44 14
 16  8 20 35 38  0 11  3 41  5 33 33 30 23 28 39 11  4 27 36 24 37 31 36
 34 46 18 32 17 41 14 17 33 23  9  6 21  2  6 23  8 15  9 46 45 20 31 19
 14  9 18  2  8  0 22 43  2 18 12 45 37 33  2 15 38 41  9  8 36  7 28 16
 12  7 44 10 32 39  1 16 37  1 13 19 12  4  4 33 16 12 43 30 17  5  7 39
 45  3 44 32 40  4 15 38  6 17 13 10 15 24 10 42  8 22 25 33  7  8 33  2
  7 43  2 42 42 16  4 23 32 18 41  1  4 18 15 21 37 16 18  1 24  5 17 30
 10 39  3 18 32  8 27 44 46  8 28 40  3 28 22 33 34 17 26  8 32 37 42 33
 11  3 13  0 39 21  4  6  7  7  5 16 29 44 28  1 41 12 30 44 22 17 29 36
 43 13 32 16 33 40 21 32 24  4 27  5  3 35 44 35 23  5 28 29 20 45 43 23
 40 32 15 41  0 38  4  0 10 28 38 28 35  4 40 37  4 37 16 13  5 30  4 18
 40 24  4 27 26 44 24 45 35 24 38 37 24 19  7 20 32 39  4  9 15 32 41 19
 40 23  1 26 10 44 24 35 18 36  8 20 35  2 15 22 41 11 35 28 10 38 42 28
 23 45 37 22 31 12 31  1 25 17 21 34  9 34 34 37 37  1 38  5 14 27 23 24
 13 30 23 25 16 30 46 14 45 19 28 24 32 28 14 46 31 10 21 43 28 12 21 40
 31 26  2 38 43  5 44 18 36 21 35 29 34 45 24 20  9  4 20  2 25 27  3 43
 14 21 44 15  1 26  8 11  4 32 22 41 37 19 33 24 16  8  4 12 43 26 25 27
 14 13  3 16 17 30 22 43 24 31 22 34 15 27  6  8 11 33 43 27 36 35  1 31
 42  9 12 30 43 27 14 42  0  7 31 14 34 12  3 15 36  8 16 22 33 32 28 46
 37  9 35  0  9 12 39  2 38 26 21 36 12 18 23 43 45 19 23 20 14 38 46 25
  9  5 40 36 15 14  9  3 46 23 10  6 21 27 26 26 39 11 26 38 30 31 35 28
 16  4  0 34 22 21 44 43 20 28 44 15 17 32 15 27 35 34 27 37 35 11 41 31
 35 35 30 38 42 16  8 36 38 18 16  3 45 38 17 41]
0.172
Nuerons 60-100
learenign rate 0.01



 python model.py
Iteration 0
Iteration 10
Iteration 20
Iteration 30
Iteration 40
Iteration 50
Iteration 60
Iteration 70
Iteration 80
Iteration 90
Iteration 100
Iteration 110
Iteration 120
Iteration 130
Iteration 140
Iteration 150
Iteration 160
Iteration 170
Iteration 180
Iteration 190
Elapsed time: 69.48 seconds
[3 3 3 3 3 3 3 3 3 3 3 3 3 3 3 3 3 3 3 3 3 3 3 3 3 3 3 3 3 3 3 3 3 3 3 3 3
 3 3 3 3 3 3 3 3 3 3 3 3 3 3 3 3 3 3 3 3 3 3 3 3 3 3 3 3 3 3 3 3 3 3 3 3 3
 3 3 3 3 3 3 3 3 3 3 3 3 3 3 3 3 3 3 3 3 3 3 3 3 3 3 3 3 3 3 3 3 3 3 3 3 3
 3 3 3 3 3 3 3 3 3 3 3 3 3 3 3 3 3 3 3 3 3 3 3 3 3 3 3 3 3 3 3 3 3 3 3 3 3
 3 3 3 3 3 3 3 3 3 3 3 3 3 3 3 3 3 3 3 3 3 3 3 3 3 3 3 3 3 3 3 3 3 3 3 3 3
 3 3 3 3 3 3 3 3 3 3 3 3 3 3 3 3 3 3 3 3 3 3 3 3 3 3 3 3 3 3 3 3 3 3 3 3 3
 3 3 3 3 3 3 3 3 3 3 3 3 3 3 3 3 3 3 3 3 3 3 3 3 3 3 3 3 3 3 3 3 3 3 3 3 3
 3 3 3 3 3 3 3 3 3 3 3 3 3 3 3 3 3 3 3 3 3 3 3 3 3 3 3 3 3 3 3 3 3 3 3 3 3
 3 3 3 3 3 3 3 3 3 3 3 3 3 3 3 3 3 3 3 3 3 3 3 3 3 3 3 3 3 3 3 3 3 3 3 3 3
 3 3 3 3 3 3 3 3 3 3 3 3 3 3 3 3 3 3 3 3 3 3 3 3 3 3 3 3 3 3 3 3 3 3 3 3 3
 3 3 3 3 3 3 3 3 3 3 3 3 3 3 3 3 3 3 3 3 3 3 3 3 3 3 3 3 3 3 3 3 3 3 3 3 3
 3 3 3 3 3 3 3 3 3 3 3 3 3 3 3 3 3 3 3 3 3 3 3 3 3 3 3 3 3 3 3 3 3 3 3 3 3
 3 3 3 3 3 3 3 3 3 3 3 3 3 3 3 3 3 3 3 3 3 3 3 3 3 3 3 3 3 3 3 3 3 3 3 3 3
 3 3 3 3 3 3 3 3 3 3 3 3 3 3 3 3 3 3 3 3 3 3 3 3 3 3 3 3 3 3 3 3 3 3 3 3 3
 3 3 3 3 3 3 3 3 3 3 3 3 3 3 3 3 3 3 3 3 3 3 3 3 3 3 3 3 3 3 3 3 3 3 3 3 3
 3 3 3 3 3 3 3 3 3 3 3 3 3 3 3 3 3 3 3 3 3 3 3 3 3 3 3 3 3 3 3 3 3 3 3 3 3
 3 3 3 3 3 3 3 3 3 3 3 3 3 3 3 3 3 3 3 3 3 3 3 3 3 3 3 3 3 3 3 3 3 3 3 3 3
 3 3 3 3 3 3 3 3 3 3 3 3 3 3 3 3 3 3 3 3 3 3 3 3 3 3 3 3 3 3 3 3 3 3 3 3 3
 3 3 3 3 3 3 3 3 3 3 3 3 3 3 3 3 3 3 3 3 3 3 3 3 3 3 3 3 3 3 3 3 3 3 3 3 3
 3 3 3 3 3 3 3 3 3 3 3 3 3 3 3 3 3 3 3 3 3 3 3 3 3 3 3 3 3 3 3 3 3 3 3 3 3
 3 3 3 3 3 3 3 3 3 3 3 3 3 3 3 3 3 3 3 3 3 3 3 3 3 3 3 3 3 3 3 3 3 3 3 3 3
 3 3 3 3 3 3 3 3 3 3 3 3 3 3 3 3 3 3 3 3 3 3 3 3 3 3 3 3 3 3 3 3 3 3 3 3 3
 3 3 3 3 3 3 3 3 3 3 3 3 3 3 3 3 3 3 3 3 3 3 3 3 3 3 3 3 3 3 3 3 3 3 3 3 3
 3 3 3 3 3 3 3 3 3 3 3 3 3 3 3 3 3 3 3 3 3 3 3 3 3 3 3 3 3 3 3 3 3 3 3 3 3
 3 3 3 3 3 3 3 3 3 3 3 3 3 3 3 3 3 3 3 3 3 3 3 3 3 3 3 3 3 3 3 3 3 3 3 3 3
 3 3 3 3 3 3 3 3 3 3 3 3 3 3 3 3 3 3 3 3 3 3 3 3 3 3 3 3 3 3 3 3 3 3 3 3 3
 3 3 3 3 3 3 3 3 3 3 3 3 3 3 3 3 3 3 3 3 3 3 3 3 3 3 3 3 3 3 3 3 3 3 3 3 3
 3] [ 5 14  8 37  1 22 27  8 34  2 43 43 28 43 13 12 15  9 28 33 45 38 18 36
 14 42 12 35 33  6  5 22 37 11 23 36 10  1 26  7 42 29  3 44  4 16 27 22
 45 24 38 23 26  0  2 13 21 16 28 27 12 39 11 43 35  7 46  4 27 16 12 11
 33 24 43 20 44 39 40 35 14 37  2 10 15 44 18  4 36  2 34 11 20 18 22 28
 33 37 44  0 36 11 18 30  1 41 31  3 23 22 41  7  6 32 41 39 38 44  5  3
 33 32 19 40 15  0 22 29 22 24 26 23 46 33 42  4 37  4 37 18 36  5 29 36
 40 34  4 11 12 21 35 17 35 43 45 27 18  9 34 32 22 16 22 27 12 33 42 26
 41 16  8  8  4 10  8 44 45 39 37  6  5 38 10 31 44 11 21 39 34  9 11  5
 34 22  8 41 11 41  9 23 11 35  3 29 14 41 36 29  0 29 41 39 31  4  5 34
  6 15 21 41  0 21 31 30  5 31 44  2  9 21  4 11 45 14 39 32 23 40 42  9
 25 14 19  9 20 23 24 10 30 15 20 26 43 14 38  8  1 45 33 17 46 16 12 45
 11 31 11 19  1 15 40 39 39 11 22  5 43 42 38 28 33 46 42  0 24 29 43 32
 28 13  6 30  2 14 38 31 15 34  2  5 20 23 17 31 23 34 30 24 18 43 18 32
 21  9 20 44 17 23  4 20 44  0 39  0 37  3  6 28 12 24 31 21 33 14 36 21
 13 40 18 24 46 25 27  8  0 42 18 36  8 32  1 20 29 10 38 46 14  7 29 21
 42 34  2  8 39 39  9  0 27 40 35 36 32 36  7 45 19  9 19 26 13 31 43 13
  5 18 36 23 21 15 16  4 17 14 26 14 10 24 44  2 24 26 42 14 35 21  7 21
 17 44 23  0 23 10 31 16 29 44 28 28 35 42 36 41 29 26  0 45 33 23 30 43
 16 35 15 38  3 25 36 40  6  9 36 31 35 31 21 15 24 22  9 44 30  5  5  5
 26 14 39 33  0 46 26 19 27 14 13  2 32 23 25  8 25 10 40 25  0 17 34 16
 20 37 26 15 21  6  3 17  0  8 12 42 11 27 25  0 28 10 43 23 27 30 43 34
 27  1 36 39 26  2 20  8  6  6 34 46 26 36 36 10 27 31  8 28 39 35 16 27
 30 22 23 37 32  8 39  7 22 11 42  8  5 16 26  7  7  3  5 14 11 11 29 24
 33  3  2 44 29  2 36 42 28 30 21 42 21  7 12 31 15  3  1 14 36 26 24 30
  9  2 28  0 22  1 29  6  3 22 27  0 20 46 11 28  4  2 45 32 36 37 33 44
 32 25  9 35 29 43  2 23  2 25 42 30 18  6  4 43  1 43 29 21 18 13  4 13
 28 31  0 24 24 36 13 25 11 14  2 31 25 18  3 18 25 46 15  4  3 18 35 39
 36 10 44 38 39 30  1 18  6 36 23  1  9 12 21 40 14  7  8 34 24 46 45 40
 23  4 27 11 11 34 16 21 24 13 19 46  0  9 41 30 41  5 21 19 45  2 25 39
  8  0 45 11 31 33  2 39 16 39  2  0  8 12 36 16 16  6 40 24  3 41 42 44
 42 26 46 27 35 25 31 33  8 33 30  8  0  1  7 11 20  2 43 16 11 44 41 44
 31  7 37 39 40 39 39 21 13 42 25  0 43 33 35 41 11 15  1 33 35 22 39 11
 26 24  0  0 26 10 17  8 20 17 25 29 26 21 13 38 23  7 11 19 43 40 13 43
 39 17 22 25 28 30 44 30 35 28 20  8 43 23 29 13 45 31 20 45 40 10  8 14
  5 46  1 20 26 28 24 19 22 19  9 19 16 31 36 36  4 30  4 15  9 46 19 20
  9 34  8  5 37 44  4 30  3 34 21 24 16  4  1 15 12 21 39 36 29 32 22 45
 19 30 30 11  8 30 24 19 28  5 32 31  7 43 39 23  5 24  2 10 30 17 22 35
 32 44  3 20 27  0 41 37 24  2 12 23 13  2 31 29 33 37 23 13 28 37 37  7
 43 42 31  0 45 28 34 11 31 36 42 11 10 46 37  0  6 44 45 31 30 30 22 36
 43 32 46 24  7  7  7 26  0 30  9 41  0 46 44 16  0  3 13 27 11  7 35 17
 30 19 18 41 13  5 10 38  7  9  9 45 14  8 14 22 22 14  9 31 41 43 23 36
 40 11 27 38 44 19 41 42 46  7  6 11 19 26 24 18]
0.017


60->100 neurons acc 1.7
learn rate 0.4 
batch size 2048





 python model.py
Iteration 0
Iteration 10
Iteration 20
Iteration 30
Iteration 40
Iteration 50
Iteration 60
Iteration 70
Iteration 80
Iteration 90
Iteration 100
Iteration 110
Iteration 120
Iteration 130
Iteration 140
Iteration 150
Iteration 160
Iteration 170
Iteration 180
Iteration 190
Elapsed time: 72.07 seconds
[5 3 8 0 6 4 0 0 7 5 7 6 8 1 7 6 8 1 6 0 1 7 7 5 6 8 5 3 3 6 0 1 2 3 4 1 4
 7 1 2 6 5 2 0 7 1 6 0 0 6 7 8 5 7 7 2 2 7 1 3 4 7 9 0 3 0 0 4 4 2 3 9 9 6
 6 2 6 6 7 3 5 7 5 8 1 1 0 4 2 7 0 3 5 3 8 1 6 5 5 5 4 4 8 0 2 6 6 5 7 1 2
 1 0 7 0 3 3 1 0 1 3 3 6 9 9 0 4 0 4 2 2 1 2 0 3 5 0 3 3 2 1 2 4 0 6 0 4 1
 6 7 1 4 0 4 0 5 2 0 2 2 0 0 8 5 4 2 5 7 7 3 5 7 1 0 1 8 4 2 2 2 5 0 2 2 8
 3 7 5 1 9 5 5 0 6 7 1 6 4 3 6 9 7 2 3 5 8 0 3 0 9 3 2 5 0 9 1 7 2 2 9 6 8
 8 4 6 1 5 0 4 0 5 0 1 3 1 7 7 2 0 2 5 1 6 0 0 0 1 9 4 6 6 8 6 5 4 5 0 5 4
 5 0 2 7 2 0 1 1 8 8 6 4 8 7 0 0 0 0 3 4 1 0 5 5 1 1 4 1 5 5 9 0 5 9 9 1 8
 1 8 3 3 3 2 8 3 2 2 5 0 0 0 3 8 2 1 7 4 8 0 6 5 0 5 2 3 4 2 5 6 1 0 4 9 0
 2 1 5 3 3 0 6 0 3 6 7 3 7 5 4 2 5 8 4 4 0 8 5 0 3 2 1 2 1 3 9 3 8 6 6 2 4
 3 1 6 1 3 6 9 7 6 1 4 1 4 9 6 7 0 1 2 0 5 2 1 3 6 8 9 7 6 6 6 4 4 3 0 0 0
 2 6 3 4 2 4 8 0 2 9 4 8 0 0 0 9 7 9 5 4 8 8 0 4 1 4 5 0 0 4 8 9 1 6 4 7 9
 3 3 8 9 1 4 8 0 6 4 4 4 6 7 8 3 9 6 7 9 1 5 2 9 6 6 9 2 1 9 2 7 9 1 4 1 3
 5 5 1 2 0 3 1 2 0 0 0 2 4 4 0 1 7 4 6 4 1 2 5 5 5 3 0 6 2 2 1 8 3 6 6 2 6
 7 0 5 3 2 4 4 3 8 1 9 6 2 0 3 0 6 1 6 3 0 2 0 2 5 3 5 7 2 3 9 8 6 0 4 8 0
 3 2 1 3 6 3 0 3 1 3 7 0 1 0 2 3 0 0 8 4 3 6 4 5 2 2 9 0 5 3 2 5 1 5 5 2 9
 0 2 4 9 8 5 3 4 9 0 0 1 1 3 0 0 6 6 1 0 2 0 0 5 2 5 8 2 4 6 5 7 3 6 6 9 8
 1 8 1 1 1 1 9 6 4 2 5 7 8 8 3 3 1 6 9 9 1 4 2 8 2 7 7 8 7 5 3 2 4 2 2 1 1
 1 1 9 2 7 6 7 0 1 1 7 4 3 8 4 8 8 3 6 8 9 1 2 3 0 2 3 4 2 3 0 5 9 5 3 6 2
 6 3 2 1 2 5 5 3 5 3 2 5 6 7 6 9 6 7 3 0 6 0 2 7 0 2 3 2 4 4 1 3 9 4 4 1 7
 8 6 6 5 6 4 1 5 2 1 3 7 9 0 9 7 1 2 8 3 8 0 0 3 5 9 7 1 0 0 9 8 2 6 1 1 6
 0 6 3 8 1 8 0 7 5 1 7 2 1 3 0 8 6 0 6 1 6 8 6 1 7 6 8 5 9 0 6 4 6 6 0 8 6
 4 8 9 7 1 4 6 3 3 0 2 6 1 1 5 5 5 7 2 6 2 6 3 9 8 6 2 1 6 1 4 1 2 7 0 4 9
 0 9 9 2 9 3 8 8 2 3 3 7 9 9 1 1 6 7 0 1 6 3 0 3 6 7 2 6 3 7 7 3 2 5 9 9 5
 5 7 1 0 8 7 2 5 5 8 4 7 9 5 3 8 6 8 6 1 2 6 9 2 5 2 5 9 6 0 5 6 0 6 1 1 2
 2 0 2 1 8 2 6 5 2 0 4 9 0 9 0 1 1 3 9 3 0 7 6 5 7 1 2 7 1 0 8 0 6 8 8 1 4
 3 7 4 0 3 7 3 9 5 5 1 5 0 8 2 4 0 7 1 5 8 6 0 2 1 1 2 1 3 5 5 3 3 8 4 3 0
 0] [35 43 28 24  6 14 20 30  7 15  7  6  8 41  7 26 28 37 16 24  1  7 27  5
 41 18  5 33 43 46  0 18 22 33 34 30  4 17 11  2  6 40  2 20 37  9 36 20
  0 36 27 28  2  7  7 12 42  7 21 23 34  9 19 30  3 31 17 14 34 32  3 29
 41 16  6 32 16  6 27 38  5  7 25 21 21 44 15  0 22  7 40 33 19 43 38 41
 36 18 25  8  4  0 19  0 32 36 46 45 17  1 12 11 10 37 10  3 13 13 40 41
  3  3 36 44 19 30  4 30  4  2 42  9 32 42 13 25 30  3 13 42 41 22  4 40
 26 30  4  1 26  7  1  9  0 34 15 40 22 10 35 22 10 24  8  2 24 42 40  7
 17 24 45 27 41  0  1  8 34 12 42 12 35 20  2 12 42 33 27 15 21 19 35 35
 30  6 37 31  6 14 30 46 39 37 42 43  5 28  0 13  0 14 13 32  3 40 39 18
 27 32 22 39 36 33 28 41 36 44 45  0  0 40  5 10  1 33 44 22 37 29 40 20
 40 41 46 10 40 24 13  9 14 14 16 38 26 25 14 28 30 28 44 45 20 35 20 32
 11  1 18 18 28 26 24 41 27 40 24 10 20 43 14 11 30  5 15 31  1 34 21 45
 40 44 40 15 29 39 18 28 35 18  3 13 13 33  5 13  2  2 35 30 30 28 13 38
 22 31 27 11 38 20 36 35  0 15  2 43 34 42 35 16 21 20  0  9 34 12  1 35
 33 43 40 36 10  3  6 27 20 37 25 12 32  2  8 15 19 10  5 45 20  3 32  1
  2 11 23 19 23 19 46 19 40 44 23 21 26  0  3 26 29 27  6 18 14 11 34 19
 46 37 10  9 46 40 25 22  1 23  6 28  9  7 46 36 46 30 34 20  0  0 40 22
 46 10 46 32 24 38 13 32 44 14 19 20 40 46 39 37 39 15 14  8  8 15  4  9
  4 45 20 30  4 18 39 24 28  4 27 19 13 36 28  9 31 24 38 20 26 34 34  0
 26 17 38  3 41  6 17 39 11 35 32 19 46 36 19 21 21 19 12  7 18 11 24 31
 33 35  5 18 12 13 33  1 10 10  0  0 22  4 24 15 18 29 34 16 14 21  2 35
  5 40 13 17 12 43 32 31 38 33 37  6 32 29  7  0  5 27 42  4  4  3 38  8
  9 46 42 20  3 10 46 11 26  3 22 22 15 22 45 23 15 27 36 43 39 18 16 24
 41 28 40 33 42 13 43 36 38 10 23  1 23 37 40 18 15 32 33 20 30 18  4  3
 26 34 12  2 12 29 17 45 43 42 15 21 15 45 42  9 13  2  4 39 35 15 23  4
 19 33 10 41 38 43 15 15 26  6 30 24  2 30  0  5 23 45 38 22 14  6 26  7
 13  6 26 44  5 21 19 21 18 11 11 29  6 34 12 35 17 38 28 43  3  1 46 29
  9 31  4  2  8 32 27 20 28 37 35 17  2 24 32 32 44 34 21  1  9 32 32 26
 27 15 11  1  7 24  3 38 34 21  5 13 36 28 39  3 22 23 20  2 22 14 32 43
 30 40 19  8 23 11 20 16 33 42 21 22 25 25 13 40 13 22 45 30 17 16 19 26
  7 33 15 46 30  2 17 30 12 23 12  4  9 44 43 29  9 26 27 17 44 46 46 25
 36 12 11 15 22 21 13 37 18  0 44 27  9  2 18 23  8 15  0 33 40 29  2 31
 30 30 29 18 23  0 44  1 26 20  6 43  8 41 28 20 27  5 13  7  2 11 13 38
 27 16 40 36 41 44 16 41 18 23 26 38 35 39 40  0 34 36  6 10 28 46 34  8
  9  7 31 44 26  3 13 43 12 36 21 44 45  5 15 17  2 16 42 26 33  9  8  6
 32 18 26 21 14 24 22 27 20 34 27 40 19 44 32 46 43 38 38 39 33 43  7 29
 19 31 31  6  7 15 31 26 33  0 13 36 27 12  6 33  7 29  0 39 35 25 19 35
  5  7 11 10 21 17 32  5 25 18  4  7 29 45 13  8 26 35  6 41 42 46  9 39
 45 42  5 39 26 20  2 46 20  6 11 36 23 42 20 22 41  5  2  6 35 12 15  4
 45 40 39 40 31 21 13 29  3 30 27 41 25 37 41 27 44 41 10  8 23 46 38  4
 41 24 23 17 14 30 33 17  3 29 45 35 11 25  0  8 32 34 20 37  3 25 28  2
 17 42 31  9  2 21 42 35 40 33  3 41 34  3  0 30]
0.188

acc 18.8
learn rate 0.1
batch size 2048


crazzy just realized the rest were running emnist_balanced on 10 outputs 💀💀💀💀💀💀
updated to 47 layers setting of 0.05 batch size 2048 

> python model.py
Iteration 0
Iteration 10
Iteration 20
Iteration 30
Iteration 40
Iteration 50
Iteration 60
Iteration 70
Iteration 80
Iteration 90
Iteration 100
Iteration 110
Iteration 120
Iteration 130
Iteration 140
Iteration 150
Iteration 160
Iteration 170
Iteration 180
Iteration 190
Iteration 200
Iteration 210
Iteration 220
Iteration 230
Iteration 240
Iteration 250
Iteration 260
Iteration 270
Iteration 280
Iteration 290
Elapsed time: 116.24 seconds
[28 11 11  2 18 39 39 38 46  4  1 17  4 17 30  4 22 42  9 20 35  3 14  3
  5 41 22 13 17  7 44 16 36 43 43 37  7 43 14 23  2 20  6 25 22 10 23  5
 23  3 31 11  1 43 22 22 23 18 15 12  7 26 33 35 22 22 37 16  3 27 17 24
 41 39 37 43 26 27 10  3 34 22 43  2 29 36 29 19  9 16 45  5 11 22 41 24
  8 12 13 37 34 25 14 45 40 12 45 33  4  2 23 45  2 26 14 13 25 30 28 19
 33 37 46 11  7 39 23  3 19 11 19 11 30 14  8 37  3 41  7 23 16 27 26 37
  5 25  6 30 11 20 40  1 39  4  4 34  1 16 28 13 22  8 23 42 33  3 18  2
 31 12 39  8 12 24 46 31  9  8 31  1 46 37  4 35 24 44 10 35 15 15 26 13
 19 20 29 45 32 39 31 18 22 37 11 16 31 17  7 18 43 14 35  0 25  7 42 16
 12 20  7 43  1 20 16 17 21 14  4 15  6 37 33 30 12 42 30  1 42 28 22  3
  7 13 12  2 26 19 33 31 26 40  1 33 11 23 18 27 10 45  4 33  6  4 41 36
 40  8 42 24  1  8 28 14  8 40 46  9 46 40  4 28 39  8 44  5  4 17 40  6
 31  8  8 31 12 35 16 27  6 11 19 17 36  2  1  4 33 29 38 15 11 45 27 10
 14 38 11 17 42 44 23 40 34 15  2  4 40 44 46 14 44 31 35 14 17 23 14  8
 12 22 45 32 43 35 26 33 18  5  0 38 12 43 45 37 25  6 13 43 39 22  3 45
 15  6 26  5  8 42 10 18 13 11 35 37 17  7 24 18 23  1 20 17  7 30 26 18
 15 42 11 20 16 11 12  6 17 17 29 32 18 43 42 18 23 43 10 18  2 17 17 45
 31 24 43 40 19 41  2  5  1  1 41 40 27 27 12 10 14 39 14  0  9 31 22  0
  4 10  0 46 46 38 38 36 35  8 41 38 37  1 29 19 15 25  7 10 36 42 23 20
 44 34 22 18 42 24 22 22  5 17 33  0  7 16 25  4 36 43 23 28  7  9 12  2
 40 32 44 36 46  7 32 35 40 41 19 23 30 11 44 40  7  1 34 45 23  8  7  6
  2 40 28 42 42 18 12 37  4  5 27 35 41 20 42 26 27 15 18  8 38 13 31 43
  8 18 25  2 35 31  9 28 18  9 10  5 31  4  4  1  0 15  7 14 16 12 40 41
  1 15 43 42 37  6  1  8 22 37 21 29 25  9 24 46  3  1  9 35 34  4 28  5
 23 33 41 34 32 32  2 23 45 12  1 31  6 37 16 20  9  9 41 18  8  7  8 45
 40 40 45 36 42  4 10 18 10  7 22 39 18 32  8 42  9  4  1 38 16 31 19 23
 18 39 33 20 23 31 28 14  5 44 38 46 22 12  0 31  9 14 24 21 25  6 16 21
 21 14  4  1 12 22 46 24 11 28 39 10  0 44 37 44 35 34 33 16  1 14  8 40
  4 19 26 45  0 34 34 24 10 18 27 26 29 19 12 19  2 10 46 35 42 14 29  6
 20 25 39 11 40 15 40  2 40 20 16 22 26  0 26 17 24 28 20 21 12  0 14 33
 43 39 33  1 32 34 39 41  0 40 42 15 46 40 46 14 20 26 46 31 41 22 28  0
  0  7  1 46 30 10 45 17 44 45 29 28 37 34 26 42  8 46 15 10  0 45 12 25
 19 44 14 25  7 10 29 38  7 38  6 10 10 17 12 18 27 11 11 39 15 30 40 19
 35 46  9 37  6  0  7  6 17 27 27  3 38 39 44 20  6  0 14 44 17 13 13 41
  6 33 42 40 15  8 27 40 13  4 42 17 10  2  1  1 37  1 16  0 28  8  1 35
 41  5 46 42  4 34  4 46 46 17 45 19  7  7 14 42 24 44  9 35 43 12 31 17
 40  7 24  6 19  9 44 26  5 42 28 42  5 34  0  0 22 23 37 25 13 46  1 22
 31 26  5 35  3 42 46 23 46 44 42 30  0 32 42 12 43  0  8  3 17 13  4 34
 29 19 34  5 33 44 41 39 17 25 38 39  3 25  6 15 37 20 29  9 17 19 38 27
 28 38  5 18 37 28 26 19 11  1 20 19 32 23 36  7 15  1 27 39  2  1 39 10
 30  1 36 17 32 18 13 26 20 33 38 16  5 20  1 37 18 40 38 21  3 26 45 14
 20 32  4 10  4 10  5 25 41 31  8 13  4 10 17  8] [28 11  3  2 18 39 39 38 22  4 21 17  4 32 30  4 22 42  9 20 35  3 14  3
  5  3 22 13 17  9 44 16 36 43 43 37  7 43 14 23 35 20  6 25 22 10 43  5
 23  3 31 11  1 43 22 22 17 21 40 12 25 26 33 35 22 22 37 16  3 27 17 13
 41 14 37 43 26 27 10  3 34 22 43  2 29 36 29  3  9 16 45  5 11 22  9 24
  8 12 13 20 34 25 14 45 40 12 45 33  4  2 23 45  2 26 14 13 25 30 28 19
 33 37 46 11  7 39 23  3 19 11 19 11 31 14  8 37  3 41  7 23 16 27 44 37
  5 15  6 30 11 20 15 21 39  4  4 34  1 16 28 11 22  8 23 42 33  3  1 35
 31 12 39 44 12 24  4 31 44  8 31  1 46 37  4 35 24  9 22 15 15 40 40 13
 18 20 29 45 32 39 31 18 22 37 11 16 31 17  7 18 43 14 35  0 25  7 37 26
 12 20  7 43  1 34 16 17 21 14  4 15  6 37 33 24 12 42 30  1 42 28 22  3
  7 13 12  2 26 18 33 45 26 15  1 34 11 23 18 27 10 31  4 33  6  4 41 36
 15  8 42 24  1  8 28 14  8 40 15 25 46 15  4 28 39  8  4  5  4 17 15  6
 31  8  8 31 12 35  5 27  6 11 18 22 36  2 21  4 33 29 38 15 11 40 27 36
 14 38 11 23 42  5 23 40 34 15  2  4 40  9 46 14 44 31 35 14 17 23 14 11
 12 22 45 32 43 35 26 33 18  5 24  2 12 43 15  6 25  6 13 43 39 22 41 45
 40  6 26  5 41  6 10 21 25 11 35 37 17  7 24 19 23 21 20 20  7 30 26 21
 15 42 22 20 16 11 12  6  6 17 29 32  1 43 42 18 15 43 10 18  2 17 43 45
 30 24 43 40 19 41  2  5  1  1 41 40 27 27 12 10 11 39 14  0 41 31 22 24
  4 27  0 46 46 38 38 30 35  8 41 38 21 18 29 19 15 25  7 22 36 42 23 20
 44 34 22 18 42  0 22 22  5 17 33  0  7 16 25 10 36 43 23  5  7  9 21  2
 15 32 44 36 46  7 32 35 40 41 19 23 30 11 44 15  7 21 34 14 23  8 29  6
  2 15 28 42 42 35 12 37 34  5 27 35  8 20 42 36 27 15 18  8 38 13 31 43
 11 18 25  2 35 31  9 28  1 44 10  5 31  4  4 21 24  7  7 14 16 12 15  3
  1 15 43 42 28  6 18 21 22 37 21 46 25  4 24 46  3  1  9 35 34  4 28  5
 23 33 41  4 23 32  2 23 45 12 21 31  6 37 16 43  9  9 41 18 11  7 11 45
 15 40 45 36 37  4 10 18 10  7 22 39 18 32 44 42 41  4 21 38 16 31 19 23
 29 39 33 20 23 31 28 14  5 14 38 46 22 12  0 31 44 14 24 21 25  6  6 21
 25 14  4  1 12 22 39 24  8  5 39 37  0 26 37 35 35 34 33 16  1 14  8 40
  4 19 26 45 24 34 34  0 10 21 27 26 29 19 12 19  2 11 46 35 42 14 29  6
 20 25 39 11 40 15 15  2 15 20 16 22 26  0 26 17 24 28 20  1 12 24 14 33
 43 12 33  1 42 34 39 41  0 40 42 40 46 15 46 14 20 26 33 31 41 22 28 13
 24  7 18 46 30 10 45 17  9 46 46 28 37 34 15 42  8 46 15 10 24 45 12 25
 19 44 14 25  7 10 29 38  7 38  6 10 10 17 12 18 27 11 11 39 15 30 12 19
 35 46 41 37 16 24  7  6 17 20  8  3 38 39 41 20 42 16 14  8 30 13 13 41
  6 33 42 15 15  8 27 15 13 34 42 17 38  2 18  1 37 21 16 24  5 34  1 35
 41  5 46 42  4 34  4 29 46 17 45 19  7 19 14 42 24  9  9 35 43 12 31 17
 15  8 24  6 19  9 36 26  5 42 28 42 28  4 24 24 22 23 37 25 13 46  1 22
 31 26  5 27  3 42 46 32 46 40 42 30  0 32 42 12 43  0  8  3 17 13  4  4
 29 19  9  5 33 44 41 39 17 25 38 39  3 25 37 40 42 20 29  9 30 19 38 20
 28 38  5  8 37 28 26 19 11  1 20 19 32 23 36  7 15  1 27 39  2  1 39 10
 30 21 36 17 32 35 13 26 27 33 38 16 28 20  1 37 21 40 38 21  3 26 45 14
 20 32  4 10  4 10  5 25 44 31  8 13  4 10 17  8]
0.796

crazy acc of 80